Name,MS,BNS,MGF,LM
GRB130104721,9.643e-01,3.541e-02,2.873e-04,1.732e-10
GRB130106829,8.393e-01,1.592e-01,1.507e-03,1.393e-09
GRB130106995,9.660e-01,3.397e-02,7.863e-06,1.267e-11
GRB130109206,9.060e-01,9.338e-02,6.445e-04,3.709e-07
GRB130112286,1.000e+00,1.102e-05,4.930e-08,1.685e-06
GRB130112353,8.783e-01,1.216e-01,3.077e-05,1.208e-11
GRB130114019,7.877e-01,2.094e-01,2.923e-03,1.007e-08
GRB130115716,8.235e-01,1.745e-01,1.935e-03,2.379e-09
GRB130116415,7.527e-01,2.410e-01,6.352e-03,3.443e-09
GRB130117087,4.945e-01,5.053e-01,1.451e-04,6.047e-11
GRB130118482,7.888e-01,2.085e-01,2.737e-03,3.361e-09
GRB130121835,1.000e+00,8.880e-10,9.061e-12,5.797e-16
GRB130123843,6.857e-01,3.105e-01,3.893e-03,2.240e-09
GRB130127299,8.804e-01,1.188e-01,8.786e-04,7.792e-10
GRB130127743,1.075e-01,5.045e-01,3.880e-01,1.132e-10
GRB130131511,9.990e-01,9.534e-04,3.733e-07,1.287e-13
GRB130204484,1.254e-01,5.194e-01,3.551e-01,1.102e-10
GRB130206482,8.213e-01,1.768e-01,1.990e-03,1.639e-08
GRB130206817,9.378e-01,6.183e-02,3.981e-04,2.987e-10
GRB130208684,5.590e-01,4.403e-01,7.270e-04,4.786e-10
GRB130209961,9.983e-01,1.656e-03,1.361e-11,1.100e-17
GRB130213905,7.971e-01,2.003e-01,2.569e-03,3.685e-09
GRB130214137,8.096e-01,1.880e-01,2.320e-03,3.249e-09
GRB130214800,8.115e-01,1.862e-01,2.230e-03,5.176e-09
GRB130215063,1.000e+00,0.000e+00,0.000e+00,0.000e+00
GRB130215649,9.997e-01,3.413e-04,3.534e-06,1.688e-14
GRB130216790,9.423e-01,5.731e-02,3.501e-04,8.224e-08
GRB130216927,9.928e-01,7.222e-03,2.639e-05,7.529e-11
GRB130217688,6.831e-01,3.150e-01,1.912e-03,1.209e-09
GRB130218261,9.647e-01,3.506e-02,2.045e-04,9.993e-11
GRB130219197,9.995e-01,4.600e-04,6.509e-07,4.550e-13
GRB130219626,1.080e-01,8.310e-01,6.103e-02,9.641e-11
GRB130219775,1.000e+00,2.394e-05,1.637e-08,1.344e-13
GRB130220964,1.115e-02,5.223e-11,8.469e-12,9.889e-01
GRB130224370,8.940e-01,1.050e-01,9.970e-04,6.157e-10
GRB130228111,9.985e-01,1.544e-03,4.734e-06,1.810e-12
GRB130228212,9.986e-01,1.348e-03,1.680e-05,1.984e-13
GRB130304410,9.666e-01,3.317e-02,2.110e-04,1.700e-10
GRB130304658,9.637e-01,3.605e-02,2.518e-04,1.692e-10
GRB130305486,9.905e-01,1.244e-03,8.225e-03,5.079e-09
GRB130305526,8.620e-01,1.368e-01,1.221e-03,1.099e-09
GRB130306991,8.696e-01,1.303e-01,1.822e-04,1.303e-08
GRB130307126,1.347e-02,9.351e-01,5.140e-02,5.173e-12
GRB130307238,9.677e-01,3.209e-02,1.697e-04,9.040e-11
GRB130310840,1.000e+00,2.622e-05,2.288e-08,3.960e-13
GRB130314147,8.698e-01,1.290e-01,1.173e-03,1.083e-09
GRB130318456,9.728e-01,2.704e-02,1.948e-04,1.299e-10
GRB130320560,9.995e-01,5.003e-04,2.647e-06,9.403e-13
GRB130324042,8.413e-01,1.571e-01,1.617e-03,1.655e-09
GRB130325005,3.024e-01,5.850e-01,1.126e-01,5.205e-10
GRB130325203,1.000e+00,2.944e-06,1.189e-08,5.442e-08
GRB130327350,1.000e+00,2.775e-05,1.471e-07,4.497e-12
GRB130331566,8.533e-01,1.453e-01,1.414e-03,1.234e-09
GRB130403866,8.464e-01,1.523e-01,1.385e-03,1.398e-09
GRB130404428,2.707e-01,7.292e-01,5.527e-05,1.589e-11
GRB130404840,9.992e-01,7.768e-04,3.389e-06,4.276e-09
GRB130404877,2.985e-01,6.159e-01,8.564e-02,4.613e-10
GRB130406288,9.999e-01,7.625e-05,3.218e-07,7.566e-11
GRB130406334,8.699e-01,1.290e-01,1.041e-03,1.127e-09
GRB130406354,7.373e-01,2.587e-01,4.006e-03,2.997e-09
GRB130407800,8.369e-01,1.614e-01,1.642e-03,1.775e-09
GRB130408653,7.856e-01,2.115e-01,2.819e-03,1.613e-08
GRB130409960,9.974e-01,2.613e-03,5.712e-06,2.612e-12
GRB130416690,7.899e-01,2.078e-01,2.232e-03,2.150e-09
GRB130416770,1.346e-04,5.037e-01,4.962e-01,5.563e-15
GRB130418844,9.553e-01,4.444e-02,2.894e-04,2.066e-10
GRB130420313,8.271e-01,1.710e-01,1.892e-03,2.101e-09
GRB130420343,8.142e-01,1.837e-01,2.131e-03,2.734e-09
GRB130420422,8.122e-01,1.860e-01,1.888e-03,5.504e-08
GRB130420539,7.864e-01,2.111e-01,2.483e-03,3.027e-09
GRB130425327,9.997e-01,2.762e-04,8.357e-08,9.936e-14
GRB130427324,1.000e+00,0.000e+00,0.000e+00,0.000e+00
GRB130502327,1.000e+00,1.183e-09,1.364e-13,2.996e-10
GRB130502743,4.448e-01,5.471e-01,8.017e-03,7.220e-10
GRB130503214,2.277e-01,5.840e-01,1.883e-01,3.108e-10
GRB130504314,3.214e-05,2.949e-01,7.051e-01,3.023e-15
GRB130504978,1.000e+00,2.310e-06,5.264e-08,1.356e-16
GRB130505955,9.557e-01,4.402e-02,2.835e-04,3.895e-10
GRB130507545,9.184e-01,8.099e-02,5.602e-04,3.987e-10
GRB130509078,9.974e-01,2.567e-03,1.543e-05,9.815e-08
GRB130509839,8.248e-01,1.732e-01,1.948e-03,2.265e-09
GRB130510877,8.532e-01,1.454e-01,1.403e-03,1.351e-09
GRB130514560,5.245e-01,4.713e-01,4.196e-03,8.625e-10
GRB130515056,1.032e-01,5.258e-01,3.710e-01,6.666e-11
GRB130515430,8.234e-01,1.746e-01,1.993e-03,2.293e-09
GRB130517781,9.999e-01,5.267e-05,3.294e-07,1.884e-13
GRB130518551,9.971e-01,2.879e-03,1.397e-06,1.301e-16
GRB130518580,4.830e-01,5.160e-01,9.493e-04,4.470e-10
GRB130522510,3.992e-02,9.601e-01,9.404e-06,3.790e-13
GRB130523095,8.900e-01,1.097e-01,2.827e-04,2.216e-11
GRB130523198,8.296e-01,1.689e-01,1.517e-03,6.470e-08
GRB130527627,9.363e-01,6.317e-02,4.872e-04,4.624e-10
GRB130528503,8.029e-01,1.948e-01,2.354e-03,5.750e-09
GRB130528695,9.235e-01,7.611e-02,4.337e-04,4.631e-10
GRB130530719,9.355e-01,6.405e-02,4.340e-04,3.599e-10
GRB130604033,3.550e-01,6.427e-01,2.225e-03,3.812e-12
GRB130606316,9.374e-01,6.219e-02,4.380e-04,3.496e-10
GRB130606497,8.303e-01,1.697e-01,7.449e-09,4.233e-13
GRB130609129,7.530e-01,2.427e-01,4.295e-03,3.865e-09
GRB130609902,9.999e-01,1.551e-06,1.372e-04,1.700e-14
GRB130610133,9.561e-01,4.342e-02,4.397e-04,1.570e-10
GRB130611538,9.094e-01,8.989e-02,6.731e-04,4.534e-10
GRB130612141,7.759e-01,2.211e-01,3.031e-03,4.280e-09
GRB130612456,9.855e-01,4.747e-07,1.963e-09,1.445e-02
GRB130614997,9.999e-01,9.613e-05,3.463e-07,1.497e-08
GRB130615398,8.093e-01,1.885e-01,2.213e-03,2.981e-09
GRB130617564,2.793e-01,6.978e-01,2.293e-02,3.379e-10
GRB130620498,7.780e-01,2.194e-01,2.580e-03,8.588e-09
GRB130622615,1.267e-01,7.304e-01,1.430e-01,8.049e-11
GRB130623130,2.694e-01,7.303e-01,2.784e-04,6.466e-11
GRB130623396,8.623e-01,1.365e-01,1.135e-03,8.850e-10
GRB130623488,8.628e-01,1.368e-01,4.239e-04,7.555e-11
GRB130623699,8.178e-01,1.804e-01,1.850e-03,1.585e-09
GRB130623790,1.000e+00,4.173e-05,1.680e-06,1.366e-14
GRB130624093,8.164e-01,1.814e-01,2.209e-03,2.986e-09
GRB130626452,2.473e-01,6.381e-01,1.146e-01,2.755e-10
GRB130626596,8.590e-01,1.399e-01,1.123e-03,1.240e-09
GRB130627372,6.497e-01,3.481e-01,2.199e-03,6.549e-10
GRB130628531,9.765e-01,2.339e-02,1.472e-04,6.654e-10
GRB130628860,3.991e-05,9.968e-01,3.194e-03,1.613e-14
GRB130630272,9.878e-01,1.213e-02,8.281e-05,1.541e-10
GRB130701060,9.934e-01,6.562e-03,4.213e-05,3.473e-11
GRB130701761,9.996e-01,3.902e-04,5.430e-07,8.309e-14
GRB130702004,1.000e+00,0.000e+00,0.000e+00,0.000e+00
GRB130702951,7.913e-01,2.060e-01,2.698e-03,2.784e-09
GRB130704560,8.105e-01,1.067e-06,5.083e-09,1.895e-01
GRB130705398,1.991e-01,5.907e-01,2.102e-01,2.211e-10
GRB130706900,9.479e-02,5.316e-01,3.736e-01,1.142e-10
GRB130707505,6.424e-01,3.576e-01,2.698e-06,1.320e-13
GRB130708488,8.016e-01,1.960e-01,2.393e-03,9.088e-09
GRB130715906,4.415e-01,5.585e-01,2.401e-05,3.040e-10
GRB130716352,8.096e-01,1.881e-01,2.329e-03,2.966e-09
GRB130716442,9.067e-02,9.014e-01,7.945e-03,6.385e-11
GRB130717734,1.549e-04,9.998e-01,4.819e-06,2.910e-14
GRB130720116,7.972e-01,2.002e-01,2.577e-03,6.028e-09
GRB130720582,1.000e+00,2.109e-05,2.154e-06,2.638e-15
GRB130722021,8.227e-01,1.753e-01,1.979e-03,2.215e-09
GRB130722990,1.611e-01,8.386e-01,3.149e-04,2.089e-11
GRB130723092,1.521e-01,8.469e-01,1.016e-03,1.456e-10
GRB130725527,9.611e-01,3.864e-02,2.181e-04,6.364e-06
GRB130727698,8.118e-01,1.860e-01,2.242e-03,3.083e-09
GRB130730243,7.224e-01,2.758e-01,1.801e-03,9.256e-10
GRB130802730,2.208e-01,5.994e-01,1.799e-01,2.678e-10
GRB130803419,8.947e-01,1.046e-01,6.544e-04,3.547e-07
GRB130804023,5.759e-06,7.480e-01,2.520e-01,1.170e-16
GRB130808253,1.511e-01,6.160e-01,2.329e-01,1.654e-10
GRB130811186,9.695e-01,3.024e-02,2.140e-04,1.289e-10
GRB130813791,9.408e-01,5.900e-02,1.681e-04,1.220e-10
GRB130815420,1.000e+00,3.171e-06,1.663e-07,3.129e-15
GRB130815660,9.855e-01,1.446e-02,1.744e-07,7.197e-10
GRB130816074,2.868e-01,7.114e-01,1.751e-03,2.057e-10
GRB130818941,9.929e-01,7.030e-03,4.244e-05,2.890e-11
GRB130819394,9.985e-01,1.525e-03,1.685e-06,4.120e-11
GRB130821674,9.654e-01,3.452e-02,5.174e-05,2.386e-11
GRB130828306,1.000e+00,4.291e-05,3.582e-07,4.155e-14
GRB130828808,9.964e-01,3.610e-03,1.343e-05,2.042e-08
GRB130829672,8.142e-01,1.838e-01,2.043e-03,1.414e-08
GRB130830864,8.010e-01,1.965e-01,2.515e-03,3.318e-09
GRB130830921,7.936e-01,2.035e-01,2.902e-03,4.063e-09
GRB130831058,7.928e-01,2.050e-01,2.201e-03,2.106e-09
GRB130903033,9.287e-01,7.096e-02,3.633e-04,5.698e-10
GRB130905377,8.166e-01,1.815e-01,1.970e-03,1.034e-08
GRB130906222,7.881e-01,2.089e-01,2.920e-03,4.366e-09
GRB130906435,7.195e-01,2.772e-01,3.250e-03,2.079e-09
GRB130907760,2.632e-01,7.228e-01,1.406e-02,2.521e-10
GRB130912358,4.848e-04,2.474e-02,9.748e-01,2.193e-13
GRB130919173,5.434e-04,5.772e-01,4.223e-01,1.436e-21
GRB130919352,8.679e-01,1.316e-01,5.685e-04,6.014e-10
GRB130919985,8.076e-01,1.901e-01,2.277e-03,3.328e-09
GRB130924255,8.419e-01,1.570e-01,1.071e-03,8.837e-10
GRB130924910,6.951e-01,2.986e-01,6.267e-03,2.668e-09
GRB130925173,1.000e+00,6.336e-06,1.738e-08,3.134e-14
GRB130925546,9.995e-01,4.676e-04,1.621e-07,5.507e-14
GRB130928537,9.121e-01,8.730e-02,6.365e-04,4.324e-10
GRB130929375,7.623e-01,2.327e-01,4.997e-03,3.574e-09
GRB131002288,7.924e-01,2.048e-01,2.851e-03,4.553e-09
GRB131004904,2.388e-01,7.594e-01,1.754e-03,8.595e-11
GRB131006367,3.925e-01,5.104e-01,9.709e-02,1.052e-09
GRB131006840,9.636e-01,3.612e-02,2.453e-04,1.421e-10
GRB131008858,8.077e-01,1.899e-01,2.400e-03,3.909e-09
GRB131011741,8.665e-01,1.324e-01,1.141e-03,9.955e-10
GRB131014215,1.207e-05,6.949e-12,1.272e-10,1.000e+00
GRB131014513,8.409e-01,1.577e-01,1.340e-03,2.930e-09
GRB131018673,8.333e-01,1.649e-01,1.777e-03,1.993e-09
GRB131020113,7.500e-01,2.445e-01,5.485e-03,3.632e-09
GRB131021352,1.518e-03,9.963e-01,2.171e-03,9.140e-13
GRB131024900,8.795e-01,1.195e-01,1.013e-03,7.381e-10
GRB131028076,1.000e+00,3.787e-07,6.498e-07,6.390e-17
GRB131028096,1.000e+00,6.655e-08,2.926e-11,3.381e-17
GRB131029973,9.994e-01,6.088e-04,3.725e-06,1.852e-12
GRB131030653,1.170e-01,8.829e-01,2.783e-05,1.050e-11
GRB131030791,8.187e-01,1.795e-01,1.838e-03,2.793e-08
GRB131031482,1.000e+00,2.613e-11,8.184e-13,1.513e-07
GRB131102622,8.649e-01,1.339e-01,1.172e-03,9.169e-10
GRB131105087,9.952e-01,4.813e-03,1.882e-05,1.930e-11
GRB131108024,9.995e-01,5.374e-04,3.481e-06,2.771e-12
GRB131108862,1.000e+00,6.909e-08,1.196e-16,4.079e-13
GRB131110373,8.823e-01,1.169e-01,8.118e-04,5.527e-10
GRB131113483,2.667e-01,7.332e-01,8.805e-05,6.431e-10
GRB131117766,9.962e-01,3.797e-03,7.969e-06,1.207e-11
GRB131118958,9.998e-01,2.079e-04,5.364e-07,7.890e-13
GRB131119781,8.555e-01,1.440e-01,5.037e-04,3.084e-10
GRB131122490,9.998e-01,2.189e-04,6.598e-07,3.367e-12
GRB131123543,8.595e-01,1.400e-01,5.299e-04,4.935e-10
GRB131125689,8.805e-03,9.904e-01,8.203e-04,2.686e-12
GRB131126163,1.008e-01,4.696e-01,4.296e-01,7.293e-11
GRB131127480,8.683e-01,1.304e-01,1.248e-03,1.210e-09
GRB131127592,9.996e-01,4.346e-05,3.195e-04,4.076e-15
GRB131127696,7.987e-01,1.988e-01,2.556e-03,7.668e-09
GRB131128629,7.172e-01,2.804e-01,2.351e-03,2.042e-09
GRB131202633,8.209e-01,1.771e-01,1.963e-03,2.236e-09
GRB131202906,9.395e-01,6.022e-02,3.277e-04,4.155e-10
GRB131204937,9.866e-01,1.332e-02,7.829e-05,5.115e-11
GRB131209547,9.352e-01,6.431e-02,5.023e-04,5.432e-10
GRB131209963,6.914e-01,3.044e-01,4.221e-03,2.437e-09
GRB131211510,9.658e-01,3.395e-02,2.167e-04,1.730e-10
GRB131212814,7.924e-01,2.048e-01,2.730e-03,4.443e-09
GRB131214705,9.787e-01,2.119e-02,7.940e-05,2.944e-10
GRB131215298,9.631e-01,3.670e-02,2.193e-04,1.300e-10
GRB131216081,9.462e-01,5.355e-02,2.670e-04,1.450e-08
GRB131217108,9.977e-01,2.262e-03,1.985e-06,7.534e-14
GRB131217183,9.914e-01,8.521e-03,4.776e-05,1.082e-10
GRB131217506,2.126e-01,7.866e-01,7.572e-04,1.958e-10
GRB131229277,1.000e+00,1.638e-11,1.186e-10,3.795e-12
GRB131230529,7.587e-01,2.378e-01,3.527e-03,2.854e-09
GRB131230808,8.408e-01,1.578e-01,1.494e-03,1.424e-09
GRB131231198,8.338e-01,1.581e-01,8.107e-03,8.182e-13
GRB140102887,9.979e-01,2.042e-03,8.388e-06,6.547e-08
GRB140104731,1.000e+00,5.030e-06,1.873e-06,3.038e-15
GRB140105065,7.337e-03,9.057e-01,8.700e-02,3.316e-12
GRB140105748,6.586e-01,3.405e-01,9.063e-04,7.637e-11
GRB140106345,8.308e-01,1.676e-01,1.604e-03,1.653e-09
GRB140108721,9.986e-01,1.375e-03,8.991e-06,4.494e-12
GRB140109771,2.926e-01,6.422e-01,6.521e-02,4.002e-10
GRB140110263,8.094e-01,1.884e-01,2.163e-03,1.129e-08
GRB140110411,5.505e-01,4.116e-01,3.789e-02,1.955e-09
GRB140110814,3.011e-01,6.986e-01,2.798e-04,4.302e-11
GRB140112060,8.033e-01,1.942e-01,2.457e-03,3.775e-09
GRB140113183,8.086e-01,1.891e-01,2.230e-03,3.278e-09
GRB140113624,6.572e-01,3.385e-01,4.248e-03,1.944e-09
GRB140115863,9.079e-01,9.135e-02,7.452e-04,4.684e-10
GRB140118064,8.135e-01,1.844e-01,2.145e-03,3.387e-09
GRB140122597,7.261e-01,2.697e-01,4.238e-03,2.737e-09
GRB140124527,9.973e-01,2.709e-03,1.568e-05,1.119e-11
GRB140126815,8.268e-01,1.712e-01,1.931e-03,2.287e-09
GRB140129499,1.577e-01,4.810e-01,3.613e-01,1.850e-10
GRB140204547,8.707e-01,1.282e-01,1.068e-03,9.077e-10
GRB140206275,1.000e+00,3.513e-09,6.053e-12,1.608e-22
GRB140206304,9.997e-01,9.844e-06,2.437e-04,1.975e-12
GRB140209313,9.917e-01,7.578e-07,7.406e-05,8.224e-03
GRB140211091,3.087e-01,6.900e-01,1.382e-03,3.745e-10
GRB140213807,1.000e+00,4.762e-07,2.442e-11,4.177e-10
GRB140216331,6.978e-01,2.971e-01,5.128e-03,2.094e-09
GRB140217043,7.509e-01,2.491e-01,1.751e-06,3.468e-12
GRB140218427,9.582e-01,4.159e-02,1.962e-04,3.748e-10
GRB140219824,7.632e-01,2.346e-01,2.207e-03,1.646e-09
GRB140223495,8.081e-01,1.896e-01,2.320e-03,4.665e-09
GRB140224382,2.597e-02,9.740e-01,2.116e-06,1.476e-12
GRB140224788,8.236e-01,1.744e-01,2.006e-03,2.858e-09
GRB140227738,7.619e-01,2.343e-01,3.763e-03,3.109e-09
GRB140302342,9.981e-01,1.894e-03,1.448e-05,5.340e-12
GRB140304557,9.280e-01,7.154e-02,4.795e-04,6.240e-10
GRB140304849,9.999e-01,1.047e-04,5.617e-07,5.139e-13
GRB140306146,9.999e-01,7.240e-05,5.020e-11,1.201e-11
GRB140308710,9.677e-01,3.205e-02,1.985e-04,1.209e-08
GRB140311453,8.008e-01,1.965e-01,2.728e-03,6.154e-09
GRB140311618,8.565e-01,1.426e-01,8.385e-04,1.614e-08
GRB140311885,9.975e-01,2.401e-03,8.686e-05,6.831e-12
GRB140319964,9.527e-01,4.707e-02,1.942e-04,7.352e-11
GRB140320092,1.246e-01,5.495e-01,3.260e-01,1.328e-10
GRB140322424,8.104e-01,1.872e-01,2.372e-03,5.356e-09
GRB140323433,9.990e-01,9.978e-04,5.751e-09,1.224e-15
GRB140327065,8.099e-01,1.882e-01,1.904e-03,2.404e-09
GRB140328560,7.691e-01,2.278e-01,3.055e-03,3.719e-09
GRB140329272,1.899e-01,5.441e-01,2.661e-01,2.303e-10
GRB140329295,1.896e-05,1.000e+00,1.261e-11,3.180e-23
GRB140330180,9.257e-01,7.381e-02,4.999e-04,1.157e-09
GRB140402007,1.520e-01,6.623e-01,1.857e-01,1.567e-10
GRB140404030,7.853e-01,2.117e-01,2.984e-03,3.773e-09
GRB140404171,9.282e-01,7.127e-02,5.677e-04,4.637e-10
GRB140404900,8.470e-01,1.514e-01,1.606e-03,1.678e-09
GRB140405033,8.014e-01,1.961e-01,2.453e-03,4.546e-09
GRB140406120,5.933e-01,4.067e-01,6.214e-06,1.667e-12
GRB140406144,8.670e-01,1.320e-01,9.359e-04,8.053e-10
GRB140408553,7.917e-01,2.055e-01,2.765e-03,3.896e-09
GRB140414693,8.669e-01,1.320e-01,1.094e-03,8.858e-10
GRB140416060,1.000e+00,4.014e-06,2.543e-06,1.071e-12
GRB140422194,8.239e-01,1.742e-01,1.958e-03,2.333e-09
GRB140423356,9.736e-01,2.622e-02,1.705e-04,9.716e-11
GRB140426515,8.193e-01,1.787e-01,2.078e-03,2.636e-09
GRB140427702,7.484e-01,2.466e-01,5.039e-03,3.185e-09
GRB140428906,9.531e-02,5.547e-01,3.500e-01,5.792e-11
GRB140429975,7.985e-01,1.988e-01,2.637e-03,3.203e-09
GRB140430716,8.095e-01,1.883e-01,2.267e-03,5.362e-08
GRB140501497,8.283e-01,1.701e-01,1.581e-03,2.648e-09
GRB140502354,8.156e-01,1.824e-01,2.020e-03,2.806e-09
GRB140506880,9.862e-01,1.375e-02,6.489e-05,4.575e-16
GRB140508128,1.000e+00,1.655e-06,8.898e-09,4.127e-14
GRB140508179,8.896e-01,1.095e-01,9.526e-04,6.219e-10
GRB140508629,9.024e-01,9.694e-02,6.878e-04,4.776e-10
GRB140511095,1.367e-01,5.336e-01,3.297e-01,1.203e-10
GRB140511995,4.812e-01,5.184e-01,4.864e-04,2.523e-10
GRB140512814,9.996e-01,3.623e-04,1.859e-05,1.236e-12
GRB140513724,8.166e-01,1.815e-01,1.837e-03,2.363e-08
GRB140516700,9.828e-01,1.711e-02,7.745e-05,6.140e-11
GRB140516765,8.722e-01,1.268e-01,1.049e-03,8.132e-10
GRB140517813,8.039e-01,1.937e-01,2.410e-03,4.235e-09
GRB140518709,6.975e-02,9.280e-01,2.289e-03,5.798e-11
GRB140519043,8.078e-01,1.899e-01,2.224e-03,3.382e-09
GRB140521184,9.637e-01,3.609e-02,1.944e-04,1.054e-10
GRB140521732,8.565e-01,1.429e-01,6.300e-04,5.682e-10
GRB140523129,1.000e+00,8.194e-11,9.057e-18,7.282e-12
GRB140526449,9.574e-01,4.261e-02,2.929e-05,2.994e-11
GRB140526571,1.642e-01,7.436e-01,9.220e-02,1.168e-10
GRB140528837,3.682e-01,4.654e-01,1.664e-01,1.227e-05
GRB140603476,9.967e-01,3.240e-03,1.791e-05,1.002e-11
GRB140605377,1.019e-01,5.115e-01,3.866e-01,6.829e-11
GRB140606133,1.000e+00,0.000e+00,0.000e+00,0.000e+00
GRB140608153,9.463e-01,5.366e-02,6.568e-05,1.621e-10
GRB140608713,7.364e-01,2.627e-01,8.800e-04,1.017e-09
GRB140610487,3.958e-01,5.615e-01,4.265e-02,7.077e-10
GRB140610548,9.993e-01,7.410e-04,2.107e-06,7.541e-12
GRB140610689,9.530e-01,4.670e-02,2.963e-04,2.031e-10
GRB140612294,8.911e-01,1.079e-01,9.724e-04,6.555e-10
GRB140616165,3.845e-01,3.695e-01,2.460e-01,3.076e-10
GRB140619475,1.371e-03,9.985e-01,1.126e-04,3.041e-13
GRB140619490,2.453e-01,6.315e-01,1.231e-01,3.094e-10
GRB140620219,8.997e-01,9.933e-02,9.221e-04,9.395e-10
GRB140621827,5.214e-08,1.000e+00,1.575e-06,5.264e-18
GRB140623224,8.499e-01,1.494e-01,6.186e-04,2.743e-10
GRB140624423,1.519e-01,4.767e-01,3.714e-01,1.685e-10
GRB140626843,2.639e-01,7.326e-01,3.524e-03,2.419e-10
GRB140627401,7.780e-01,2.187e-01,3.366e-03,5.224e-09
GRB140628626,7.911e-01,2.065e-01,2.402e-03,3.058e-09
GRB140630505,9.835e-01,1.644e-02,1.181e-05,6.773e-11
GRB140701567,8.091e-01,1.887e-01,2.165e-03,3.252e-09
GRB140701833,1.000e+00,7.909e-06,5.315e-06,3.228e-14
GRB140703026,9.773e-01,2.199e-02,6.960e-04,1.191e-10
GRB140705539,8.280e-01,1.701e-01,1.861e-03,2.128e-09
GRB140706815,9.613e-01,3.846e-02,2.395e-04,2.933e-10
GRB140709051,8.992e-01,1.008e-01,1.437e-06,1.338e-12
GRB140709637,5.401e-01,4.579e-01,1.965e-03,5.653e-10
GRB140710537,1.442e-04,3.350e-02,9.664e-01,2.053e-14
GRB140710901,8.087e-01,1.892e-01,2.048e-03,2.479e-09
GRB140712706,9.913e-01,8.686e-03,4.343e-05,1.879e-11
GRB140712973,9.853e-01,1.456e-02,1.271e-04,5.477e-11
GRB140713780,7.047e-01,2.918e-01,3.503e-03,2.119e-09
GRB140714268,9.997e-01,2.643e-04,1.882e-06,8.326e-13
GRB140715231,8.398e-01,1.585e-01,1.650e-03,1.805e-09
GRB140716306,6.479e-01,3.473e-01,4.865e-03,1.589e-09
GRB140716436,9.933e-01,6.735e-03,5.193e-06,5.930e-13
GRB140717827,8.969e-01,1.023e-01,8.311e-04,6.219e-10
GRB140720158,1.426e-01,5.017e-01,3.557e-01,1.556e-10
GRB140720280,8.086e-01,1.890e-01,2.379e-03,3.422e-09
GRB140721336,1.000e+00,1.097e-05,3.512e-08,3.372e-14
GRB140723067,9.997e-01,3.412e-04,1.512e-06,1.488e-12
GRB140723499,7.693e-01,2.297e-01,1.039e-03,1.078e-09
GRB140724533,4.684e-02,8.221e-01,1.311e-01,3.247e-11
GRB140725583,7.859e-01,2.109e-01,3.173e-03,5.264e-09
GRB140727748,9.031e-01,9.626e-02,6.535e-04,5.025e-10
GRB140729026,8.488e-01,1.499e-01,1.315e-03,4.433e-09
GRB140801792,1.000e+00,3.368e-11,1.652e-13,2.915e-15
GRB140807500,2.636e-03,9.830e-01,1.433e-02,6.265e-13
GRB140808038,9.760e-01,2.385e-02,1.042e-04,1.773e-08
GRB140809133,7.925e-01,2.048e-01,2.725e-03,3.365e-09
GRB140810782,9.993e-01,3.618e-04,3.555e-04,1.505e-13
GRB140817229,8.058e-01,1.918e-01,2.424e-03,4.081e-09
GRB140817293,9.976e-01,2.369e-03,1.439e-05,8.685e-12
GRB140818229,9.853e-01,1.461e-02,5.872e-05,4.222e-11
GRB140818781,8.117e-01,1.861e-01,2.262e-03,3.102e-09
GRB140819160,3.213e-07,1.000e+00,4.946e-07,1.739e-16
GRB140821997,4.595e-01,5.398e-01,6.400e-04,2.422e-10
GRB140824548,5.674e-01,4.316e-01,9.134e-04,4.801e-09
GRB140824606,8.862e-01,1.129e-01,8.974e-04,1.008e-09
GRB140825328,9.993e-01,6.511e-04,2.600e-06,2.567e-12
GRB140827763,1.000e+00,1.897e-06,8.795e-09,3.178e-11
GRB140828288,8.708e-01,1.281e-01,1.118e-03,8.328e-10
GRB140829880,9.281e-01,7.127e-02,5.821e-04,2.682e-10
GRB140831215,5.072e-01,4.764e-01,1.644e-02,4.876e-11
GRB140831374,5.871e-01,4.102e-01,2.777e-03,1.375e-09
GRB140901262,8.224e-01,1.758e-01,1.789e-03,3.355e-09
GRB140901821,8.440e-02,7.702e-01,1.454e-01,5.780e-11
GRB140905454,9.993e-01,6.633e-04,7.753e-07,1.667e-13
GRB140906175,9.447e-01,5.494e-02,3.626e-04,4.729e-10
GRB140906429,9.906e-01,9.355e-03,4.810e-06,1.689e-13
GRB140907429,8.016e-01,1.960e-01,2.400e-03,3.356e-09
GRB140907672,9.305e-01,6.902e-02,4.916e-04,3.529e-10
GRB140911012,9.967e-01,3.268e-03,1.205e-05,5.678e-12
GRB140916234,8.039e-01,1.936e-01,2.489e-03,4.354e-09
GRB140917512,9.970e-01,3.009e-03,1.944e-05,1.379e-11
GRB140918379,8.370e-01,1.619e-01,1.157e-03,6.477e-10
GRB140919636,9.997e-01,2.563e-04,1.453e-06,1.239e-12
GRB140928100,9.988e-01,1.154e-03,1.406e-06,2.890e-11
GRB140928437,8.713e-01,1.272e-01,1.430e-03,1.125e-09
GRB140929677,8.065e-01,1.911e-01,2.354e-03,2.599e-09
GRB140930134,7.181e-01,2.779e-01,3.969e-03,2.800e-09
GRB141003564,8.005e-01,1.971e-01,2.370e-03,4.759e-08
GRB141003788,7.866e-01,2.105e-01,2.937e-03,4.889e-09
GRB141004150,8.121e-01,1.856e-01,2.251e-03,8.119e-09
GRB141004973,9.987e-01,1.279e-03,1.069e-06,5.197e-13
GRB141005217,8.723e-01,1.271e-01,6.009e-04,1.163e-07
GRB141005535,6.608e-01,3.379e-01,1.362e-03,5.483e-11
GRB141011282,1.199e-01,5.829e-01,2.972e-01,7.987e-11
GRB141011467,9.703e-01,2.955e-02,1.859e-04,2.701e-09
GRB141012773,8.706e-01,1.284e-01,9.941e-04,7.763e-10
GRB141013803,9.223e-01,7.764e-02,9.216e-05,4.344e-11
GRB141016897,8.576e-01,1.412e-01,1.217e-03,3.349e-09
GRB141020439,6.114e-01,3.715e-01,1.705e-02,1.871e-09
GRB141022061,8.777e-01,1.200e-01,2.307e-03,5.174e-11
GRB141022087,1.000e+00,5.617e-23,3.073e-26,7.782e-32
GRB141026742,6.892e-01,3.065e-01,4.231e-03,2.613e-09
GRB141028455,2.216e-01,7.761e-01,2.310e-03,5.898e-12
GRB141029134,9.785e-01,2.151e-02,3.823e-05,1.146e-14
GRB141030746,9.822e-01,1.765e-02,1.320e-04,7.200e-11
GRB141031257,8.067e-01,1.910e-01,2.325e-03,3.580e-09
GRB141031304,8.260e-01,1.721e-01,1.883e-03,2.249e-09
GRB141031998,1.934e-01,6.635e-01,1.431e-01,1.936e-10
GRB141102112,1.917e-01,6.381e-01,1.702e-01,1.701e-10
GRB141102536,2.125e-02,7.387e-01,2.401e-01,1.325e-10
GRB141102779,7.850e-01,2.126e-01,2.456e-03,4.534e-09
GRB141105358,5.808e-02,9.255e-01,1.646e-02,3.117e-11
GRB141105406,9.651e-01,3.485e-02,7.419e-06,8.333e-14
GRB141109447,7.993e-01,1.981e-01,2.545e-03,4.010e-09
GRB141110232,8.305e-01,1.683e-01,1.245e-03,1.066e-09
GRB141111435,5.676e-01,4.106e-01,2.183e-02,1.520e-09
GRB141112539,9.999e-01,5.326e-05,3.464e-07,1.052e-13
GRB141112828,8.436e-01,1.549e-01,1.492e-03,1.337e-09
GRB141113346,1.737e-01,7.907e-01,3.552e-02,1.590e-10
GRB141114687,8.108e-01,1.867e-01,2.450e-03,3.213e-09
GRB141118678,9.818e-01,1.820e-02,2.388e-05,2.216e-11
GRB141121414,7.171e-01,2.784e-01,4.526e-03,2.752e-09
GRB141122087,2.241e-01,6.659e-01,1.100e-01,2.466e-10
GRB141122875,9.907e-01,9.263e-03,5.688e-05,3.343e-11
GRB141122956,7.828e-01,2.137e-01,3.493e-03,3.968e-09
GRB141124277,3.862e-01,5.881e-01,2.565e-02,5.317e-10
GRB141126233,5.260e-01,4.592e-01,1.483e-02,1.141e-09
GRB141128962,3.795e-02,3.082e-01,6.538e-01,1.974e-11
GRB141202470,9.906e-01,9.410e-03,7.406e-06,2.589e-12
GRB141205018,8.038e-01,1.934e-01,2.730e-03,3.180e-09
GRB141205337,2.179e-02,9.766e-01,1.638e-03,1.065e-11
GRB141205763,9.990e-01,6.279e-04,2.698e-06,3.970e-04
GRB141206254,7.611e-01,2.343e-01,4.617e-03,5.261e-09
GRB141207800,1.000e+00,4.027e-05,3.425e-07,1.449e-10
GRB141208038,7.965e-01,2.008e-01,2.730e-03,4.260e-09
GRB141208632,1.804e-01,6.179e-01,2.017e-01,1.706e-10
GRB141209131,9.873e-01,1.270e-02,5.417e-06,3.470e-13
GRB141213300,5.445e-03,9.827e-01,1.186e-02,1.865e-12
GRB141215560,9.700e-01,2.998e-02,4.602e-05,4.996e-10
GRB141220252,1.000e+00,3.920e-06,1.325e-08,8.545e-13
GRB141221338,1.981e-02,9.801e-01,6.323e-05,4.211e-12
GRB141221897,9.522e-01,4.749e-02,3.078e-04,1.450e-10
GRB141222298,9.998e-01,2.033e-04,1.081e-05,1.447e-23
GRB141222691,1.000e+00,1.408e-06,6.626e-10,3.968e-09
GRB141223240,8.027e-01,1.945e-01,2.750e-03,3.324e-09
GRB141225959,8.259e-01,1.722e-01,1.932e-03,2.501e-09
GRB141226880,8.537e-01,1.449e-01,1.397e-03,1.441e-09
GRB141229492,9.784e-01,2.155e-02,2.873e-05,8.799e-12
GRB141229911,8.674e-01,1.314e-01,1.165e-03,1.476e-09
GRB141230142,2.308e-01,7.683e-01,8.909e-04,5.080e-10
GRB141230834,8.737e-01,1.255e-01,8.102e-04,2.013e-09
GRB141230871,2.357e-01,6.207e-01,1.436e-01,2.923e-10
GRB150101270,2.268e-01,5.982e-01,1.750e-01,2.846e-10
GRB150101641,0.000e+00,1.000e+00,0.000e+00,0.000e+00
GRB150105257,8.870e-01,1.129e-01,7.144e-05,4.078e-11
GRB150106921,7.759e-01,2.199e-01,4.246e-03,3.294e-09
GRB150110433,9.363e-01,6.328e-02,4.654e-04,3.747e-10
GRB150110923,6.839e-01,3.138e-01,2.356e-03,1.337e-09
GRB150118409,1.000e+00,1.734e-08,1.170e-11,2.077e-16
GRB150118927,1.043e-01,4.594e-01,4.364e-01,7.951e-11
GRB150120123,5.162e-01,4.643e-01,1.956e-02,9.285e-10
GRB150120685,1.417e-01,8.582e-01,1.267e-04,2.822e-11
GRB150122960,7.968e-01,2.006e-01,2.602e-03,5.857e-09
GRB150126868,9.978e-01,2.163e-03,1.412e-05,1.468e-11
GRB150127398,1.000e+00,1.718e-11,3.908e-20,3.299e-27
GRB150127589,8.518e-01,1.481e-01,2.106e-05,1.577e-11
GRB150127935,8.325e-01,1.663e-01,1.259e-03,6.677e-10
GRB150128624,6.073e-02,4.961e-01,4.432e-01,2.932e-11
GRB150128791,6.771e-05,9.999e-01,5.524e-09,2.321e-15
GRB150131335,4.635e-01,5.344e-01,2.011e-03,2.060e-09
GRB150131951,9.864e-01,1.350e-02,8.477e-05,2.059e-10
GRB150201040,3.983e-01,5.556e-01,4.604e-02,6.307e-10
GRB150201574,1.348e-13,1.723e-21,4.349e-22,1.000e+00
GRB150201590,9.538e-01,4.587e-02,3.635e-04,1.543e-10
GRB150202999,9.655e-01,3.380e-02,7.148e-04,1.012e-11
GRB150203173,9.008e-01,9.778e-02,1.423e-03,4.744e-10
GRB150203545,9.932e-01,6.709e-03,4.488e-05,2.313e-11
GRB150204272,8.397e-01,1.589e-01,1.411e-03,6.666e-09
GRB150206285,8.476e-01,1.511e-01,1.294e-03,1.689e-09
GRB150206407,8.954e-01,1.040e-01,6.633e-04,3.187e-09
GRB150208573,7.566e-01,2.381e-01,5.372e-03,3.445e-09
GRB150208929,2.181e-01,5.713e-01,2.106e-01,2.926e-10
GRB150210935,9.999e-01,6.429e-05,2.551e-07,1.550e-09
GRB150211239,8.063e-01,1.915e-01,2.239e-03,3.112e-09
GRB150213001,9.830e-01,1.688e-02,8.052e-05,1.347e-05
GRB150214293,6.574e-02,9.179e-01,1.632e-02,3.722e-11
GRB150215026,6.000e-01,3.803e-01,1.974e-02,2.111e-09
GRB150216415,8.466e-01,1.518e-01,1.560e-03,1.630e-09
GRB150219522,8.903e-01,1.088e-01,8.905e-04,7.087e-10
GRB150220598,1.000e+00,4.126e-06,9.809e-08,4.026e-15
GRB150222450,4.353e-02,9.565e-01,8.401e-06,3.135e-12
GRB150222832,9.118e-01,8.717e-02,1.068e-03,4.174e-10
GRB150226223,9.998e-01,2.096e-04,2.348e-07,1.550e-13
GRB150226545,3.111e-02,9.688e-01,5.152e-05,6.376e-12
GRB150226948,7.852e-01,2.119e-01,2.909e-03,3.509e-09
GRB150227702,7.922e-01,2.051e-01,2.717e-03,4.913e-09
GRB150228845,9.999e-01,6.766e-05,2.721e-07,5.943e-10
GRB150228981,7.939e-01,2.058e-01,3.094e-04,5.300e-10
GRB150301045,1.052e-01,4.136e-01,4.811e-01,1.410e-10
GRB150301818,8.145e-01,1.836e-01,1.945e-03,7.480e-09
GRB150303516,8.233e-01,1.765e-01,1.963e-04,1.374e-10
GRB150305724,4.798e-01,5.170e-01,3.254e-03,7.007e-10
GRB150306993,8.094e-01,1.884e-01,2.185e-03,3.979e-09
GRB150309958,1.485e-01,8.507e-01,8.408e-04,2.661e-12
GRB150312403,9.994e-02,4.044e-01,4.956e-01,1.056e-10
GRB150313657,4.885e-01,5.085e-01,3.020e-03,7.224e-10
GRB150314205,9.998e-01,1.988e-04,9.925e-07,1.816e-06
GRB150316400,5.452e-02,9.389e-01,6.605e-03,1.949e-11
GRB150318521,8.543e-01,1.457e-01,7.059e-05,3.984e-11
GRB150319271,8.457e-01,1.528e-01,1.496e-03,1.454e-09
GRB150320462,1.215e-01,4.731e-01,4.054e-01,1.081e-10
GRB150322066,8.104e-01,1.874e-01,2.139e-03,1.264e-08
GRB150323395,9.982e-01,1.762e-03,4.652e-06,3.160e-12
GRB150323712,9.456e-01,5.409e-02,3.450e-04,4.251e-10
GRB150324164,9.146e-01,8.478e-02,5.929e-04,2.593e-07
GRB150324319,9.712e-01,2.856e-02,2.405e-04,1.420e-10
GRB150326521,7.651e-01,2.312e-01,3.630e-03,4.377e-09
GRB150329288,7.753e-01,2.212e-01,3.500e-03,3.914e-09
GRB150330828,9.993e-01,4.458e-04,2.943e-04,1.881e-10
GRB150403913,9.160e-01,8.400e-02,7.618e-06,2.638e-11
GRB150404733,7.529e-01,2.427e-01,4.377e-03,3.949e-09
GRB150412507,3.095e-01,6.106e-01,7.989e-02,4.769e-10
GRB150412931,3.504e-01,6.171e-01,3.251e-02,4.519e-10
GRB150415029,8.935e-01,1.057e-01,7.828e-04,1.751e-09
GRB150416773,9.603e-01,3.961e-02,9.268e-05,6.000e-12
GRB150418819,5.057e-02,8.484e-01,1.011e-01,2.519e-11
GRB150422294,8.837e-01,1.154e-01,9.524e-04,7.182e-10
GRB150422703,1.000e+00,3.131e-05,8.495e-07,9.890e-12
GRB150423285,7.755e-01,2.212e-01,3.348e-03,3.963e-09
GRB150424403,7.960e-01,2.012e-01,2.854e-03,2.979e-09
GRB150425617,7.813e-01,2.159e-01,2.802e-03,4.136e-09
GRB150426594,9.009e-01,9.690e-02,2.191e-03,2.294e-13
GRB150428305,8.922e-01,1.069e-01,8.881e-04,7.706e-10
GRB150430015,9.991e-01,8.736e-04,4.907e-05,7.106e-12
GRB150501017,8.236e-01,1.756e-01,8.530e-04,7.386e-10
GRB150502435,8.474e-01,1.526e-01,6.116e-07,1.176e-11
GRB150506398,9.818e-01,1.754e-07,1.542e-06,1.819e-02
GRB150506630,1.938e-02,4.738e-01,5.069e-01,1.042e-11
GRB150506972,1.377e-01,8.262e-01,3.607e-02,9.157e-11
GRB150507026,6.892e-02,9.307e-01,3.724e-04,7.355e-11
GRB150508945,8.215e-01,1.766e-01,1.989e-03,2.655e-09
GRB150510139,1.000e+00,1.063e-08,3.424e-11,8.048e-12
GRB150511362,8.112e-01,1.865e-01,2.223e-03,5.336e-09
GRB150512432,9.999e-01,1.488e-04,7.825e-07,2.779e-13
GRB150514774,1.000e+00,4.786e-05,1.291e-07,2.012e-10
GRB150520893,7.759e-01,2.213e-01,2.777e-03,5.562e-09
GRB150522433,9.103e-01,8.934e-02,3.611e-04,4.766e-10
GRB150522944,7.170e-02,9.085e-01,1.980e-02,5.911e-11
GRB150523396,9.921e-01,7.872e-03,2.400e-05,5.824e-11
GRB150523690,9.954e-01,4.564e-03,2.568e-05,1.384e-11
GRB150527283,7.989e-01,1.986e-01,2.498e-03,4.352e-09
GRB150527662,9.157e-01,8.373e-02,6.003e-04,4.203e-10
GRB150528656,9.311e-01,6.892e-02,3.268e-05,2.711e-14
GRB150530488,9.724e-01,2.746e-02,1.920e-04,6.092e-10
GRB150601904,5.144e-01,4.545e-01,3.108e-02,1.415e-09
GRB150602840,8.407e-01,1.578e-01,1.495e-03,1.656e-09
GRB150603105,7.687e-01,2.280e-01,3.228e-03,3.943e-09
GRB150603823,8.015e-01,1.966e-01,1.914e-03,3.226e-09
GRB150604284,8.895e-01,1.097e-01,8.708e-04,6.169e-10
GRB150604434,3.526e-09,1.853e-01,8.147e-01,9.168e-21
GRB150605782,1.876e-01,6.487e-01,1.637e-01,1.694e-10
GRB150607330,8.322e-01,1.664e-01,1.399e-03,2.445e-09
GRB150609316,1.179e-01,4.537e-01,4.284e-01,1.826e-10
GRB150612702,9.556e-01,4.437e-02,4.183e-05,5.684e-11
GRB150613420,8.134e-01,1.845e-01,2.131e-03,2.975e-09
GRB150613995,9.760e-01,2.384e-02,1.157e-04,4.735e-11
GRB150614073,8.776e-01,1.216e-01,8.394e-04,1.557e-07
GRB150619287,9.960e-01,4.026e-03,1.425e-05,1.395e-11
GRB150622393,1.000e+00,2.306e-07,5.459e-10,4.615e-11
GRB150627183,1.000e+00,7.570e-06,5.227e-09,1.594e-13
GRB150628767,3.309e-01,6.369e-01,3.224e-02,4.820e-10
GRB150629564,1.938e-02,9.651e-01,1.548e-02,1.106e-11
GRB150630223,9.818e-01,1.813e-02,1.107e-04,3.081e-09
GRB150630958,7.979e-01,1.995e-01,2.604e-03,5.020e-09
GRB150702998,6.275e-02,1.667e-08,5.978e-07,9.373e-01
GRB150703149,9.976e-01,2.361e-03,1.323e-05,9.135e-12
GRB150703259,8.582e-01,1.404e-01,1.369e-03,1.468e-09
GRB150705009,8.773e-01,1.218e-01,9.141e-04,3.880e-08
GRB150705588,2.233e-01,6.668e-01,1.099e-01,3.041e-10
GRB150707124,9.118e-01,8.818e-02,9.909e-07,7.246e-14
GRB150708339,9.881e-01,1.186e-02,7.124e-06,2.115e-11
GRB150710646,8.610e-01,1.376e-01,1.338e-03,1.096e-09
GRB150711766,8.606e-01,1.382e-01,1.262e-03,1.010e-09
GRB150712846,8.078e-01,1.899e-01,2.294e-03,3.211e-09
GRB150715136,1.448e-01,7.464e-01,1.088e-01,2.053e-10
GRB150716552,8.878e-01,1.115e-01,7.319e-04,4.616e-10
GRB150717795,8.919e-01,1.072e-01,8.723e-04,7.847e-10
GRB150718656,4.098e-01,5.885e-01,1.711e-03,1.245e-09
GRB150721242,9.965e-01,3.454e-03,1.951e-05,6.516e-09
GRB150721431,2.969e-01,5.908e-01,1.123e-01,5.045e-10
GRB150721732,9.191e-01,8.014e-02,7.206e-04,2.136e-09
GRB150723608,9.271e-01,7.238e-02,4.887e-04,3.984e-10
GRB150724398,8.049e-01,1.928e-01,2.240e-03,5.500e-09
GRB150724782,1.942e-03,9.981e-01,1.133e-06,1.532e-12
GRB150726877,9.151e-01,8.436e-02,5.767e-04,3.586e-10
GRB150727793,1.000e+00,8.620e-09,4.816e-10,9.890e-18
GRB150728151,5.412e-03,8.673e-01,1.273e-01,8.966e-15
GRB150729517,8.321e-01,1.678e-01,4.870e-05,1.426e-11
GRB150802127,9.996e-01,3.922e-04,6.664e-07,1.023e-13
GRB150802207,8.030e-01,1.946e-01,2.374e-03,3.601e-09
GRB150804806,9.492e-01,5.044e-02,3.132e-04,1.945e-10
GRB150805445,9.650e-01,3.480e-02,2.071e-04,1.157e-10
GRB150805746,3.147e-01,6.814e-01,3.883e-03,3.404e-10
GRB150806348,9.891e-01,1.086e-02,8.128e-05,3.105e-11
GRB150809516,8.336e-01,1.647e-01,1.695e-03,2.230e-09
GRB150810485,2.029e-04,2.031e-01,7.967e-01,4.237e-14
GRB150811849,9.533e-01,4.666e-02,1.001e-06,2.891e-15
GRB150815604,8.186e-01,1.793e-01,2.152e-03,2.909e-09
GRB150817087,5.536e-01,4.464e-01,4.994e-07,4.839e-13
GRB150817251,9.992e-01,7.800e-04,3.378e-06,2.302e-12
GRB150819440,9.804e-05,1.367e-03,9.985e-01,1.382e-20
GRB150820880,7.598e-01,2.363e-01,3.876e-03,3.660e-09
GRB150821406,9.998e-01,2.497e-04,2.315e-07,2.212e-13
GRB150822178,8.130e-01,1.852e-01,1.834e-03,9.080e-09
GRB150824079,7.648e-04,1.579e-21,1.599e-21,9.992e-01
GRB150824125,8.274e-01,1.708e-01,1.834e-03,2.085e-09
GRB150826557,9.591e-01,4.063e-02,2.277e-04,1.331e-10
GRB150827785,8.131e-01,1.847e-01,2.191e-03,3.906e-09
GRB150828333,7.998e-01,1.976e-01,2.546e-03,6.099e-09
GRB150828901,6.997e-01,2.939e-01,6.439e-03,1.880e-09
GRB150830128,1.000e+00,2.097e-09,4.912e-13,7.674e-23
GRB150831930,6.543e-01,3.439e-01,1.776e-03,1.786e-09
GRB150901924,2.705e-01,5.744e-01,1.551e-01,4.691e-10
GRB150902733,9.654e-01,3.396e-02,6.762e-04,7.927e-11
GRB150904479,7.832e-01,2.139e-01,2.906e-03,3.398e-09
GRB150906944,2.767e-02,2.658e-01,7.065e-01,1.620e-11
GRB150908408,1.221e-03,9.988e-01,2.418e-07,2.354e-13
GRB150911315,6.180e-01,3.795e-01,2.529e-03,1.005e-09
GRB150911588,8.364e-01,1.619e-01,1.673e-03,2.328e-09
GRB150912443,9.447e-01,5.489e-02,3.832e-04,2.437e-10
GRB150912600,1.865e-02,9.734e-01,7.902e-03,7.047e-12
GRB150913161,9.137e-01,8.551e-02,7.527e-04,6.793e-10
GRB150919606,9.055e-01,9.389e-02,6.434e-04,1.839e-07
GRB150922234,5.849e-02,4.136e-01,5.279e-01,3.247e-11
GRB150922718,7.842e-01,2.126e-01,3.136e-03,4.329e-09
GRB150922883,7.598e-01,2.362e-01,3.906e-03,4.354e-09
GRB150923297,2.153e-01,6.098e-01,1.749e-01,2.535e-10
GRB150923429,2.094e-03,9.971e-01,8.165e-04,1.413e-12
GRB150923864,9.999e-01,8.858e-05,1.183e-11,6.100e-20
GRB150923995,7.876e-01,2.099e-01,2.521e-03,4.692e-09
GRB150928359,8.424e-01,1.557e-01,1.847e-03,2.626e-09
GRB151001348,9.971e-01,2.868e-03,2.244e-05,6.078e-12
GRB151001628,7.920e-01,2.049e-01,3.067e-03,3.918e-09
GRB151003729,9.788e-01,2.101e-02,1.891e-04,8.929e-11
GRB151006413,8.494e-01,1.492e-01,1.430e-03,1.522e-09
GRB151009949,8.003e-01,1.978e-01,1.906e-03,5.283e-09
GRB151011136,8.676e-01,1.313e-01,1.135e-03,9.044e-10
GRB151014592,9.931e-01,6.854e-03,3.541e-05,2.171e-11
GRB151021791,9.998e-01,1.640e-04,6.300e-07,6.514e-10
GRB151022577,9.628e-02,6.137e-01,2.900e-01,5.467e-11
GRB151023104,7.990e-01,1.984e-01,2.530e-03,1.225e-08
GRB151024179,2.879e-01,6.731e-01,3.897e-02,1.298e-10
GRB151026169,8.034e-01,1.941e-01,2.507e-03,3.572e-09
GRB151026523,7.842e-01,2.136e-01,2.169e-03,2.159e-09
GRB151027166,1.000e+00,2.127e-05,5.428e-08,3.820e-12
GRB151030999,9.998e-01,2.042e-04,2.505e-06,8.740e-13
GRB151107851,8.946e-01,1.051e-01,3.183e-04,1.387e-10
GRB151111356,8.489e-01,1.496e-01,1.509e-03,1.657e-09
GRB151114645,8.208e-01,1.770e-01,2.225e-03,2.661e-09
GRB151117442,9.195e-01,7.990e-02,6.333e-04,5.471e-10
GRB151118554,8.132e-01,1.847e-01,2.183e-03,5.870e-09
GRB151120349,8.096e-01,1.884e-01,2.003e-03,1.420e-08
GRB151122709,8.390e-01,1.595e-01,1.492e-03,1.557e-09
GRB151126293,7.602e-01,2.367e-01,3.105e-03,3.850e-09
GRB151129333,9.762e-01,2.367e-02,1.309e-04,8.879e-11
GRB151130160,8.063e-01,1.914e-01,2.270e-03,2.946e-08
GRB151202565,3.371e-02,9.634e-01,2.883e-03,1.633e-11
GRB151205657,8.985e-01,1.007e-01,7.846e-04,6.146e-10
GRB151210041,8.705e-01,1.289e-01,6.757e-04,5.460e-10
GRB151211672,9.999e-01,1.399e-04,4.611e-07,5.598e-13
GRB151212030,2.479e-02,9.751e-01,1.065e-04,9.311e-12
GRB151212064,9.073e-01,9.206e-02,6.349e-04,9.852e-07
GRB151219567,8.373e-01,1.617e-01,1.043e-03,1.164e-08
GRB151222340,8.823e-01,1.177e-01,1.367e-06,5.314e-15
GRB151227072,9.997e-01,2.531e-04,9.327e-07,3.683e-09
GRB151227218,9.994e-01,5.959e-04,3.579e-12,3.359e-12
GRB151228129,1.547e-01,7.451e-01,1.003e-01,1.921e-10
GRB151228949,9.825e-01,1.743e-02,9.806e-05,5.305e-11
GRB151229285,9.940e-01,5.953e-03,5.488e-06,1.125e-13
GRB151229486,2.568e-01,6.151e-01,1.281e-01,3.592e-10
GRB151231443,1.000e+00,2.320e-06,3.164e-08,9.575e-15
GRB151231568,6.139e-03,7.972e-01,1.967e-01,1.738e-12
GRB160101030,9.995e-01,4.831e-04,1.001e-07,1.026e-08
GRB160101215,7.784e-01,2.191e-01,2.452e-03,1.730e-08
GRB160102500,9.375e-01,6.234e-02,1.612e-04,1.733e-10
GRB160102936,9.116e-01,8.772e-02,6.807e-04,5.230e-10
GRB160104475,7.957e-01,2.017e-01,2.654e-03,4.171e-09
GRB160104918,7.837e-01,2.134e-01,2.920e-03,4.032e-09
GRB160106948,1.093e-01,8.907e-01,4.560e-05,2.010e-10
GRB160107931,9.986e-01,1.370e-03,3.496e-06,3.019e-11
GRB160111115,8.297e-01,1.688e-01,1.485e-03,2.397e-08
GRB160113398,3.948e-01,6.037e-01,1.526e-03,1.040e-09
GRB160118060,9.998e-01,1.918e-04,4.393e-08,3.331e-10
GRB160119072,8.231e-01,1.749e-01,2.039e-03,2.684e-09
GRB160123095,7.986e-01,1.988e-01,2.674e-03,3.633e-09
GRB160125368,7.730e-01,2.238e-01,3.159e-03,3.791e-09
GRB160131116,7.837e-01,2.137e-01,2.672e-03,2.875e-09
GRB160131174,9.991e-01,8.856e-04,6.646e-06,3.068e-12
GRB160201883,9.036e-01,9.574e-02,6.786e-04,9.040e-10
GRB160206430,9.152e-01,8.423e-02,6.036e-04,6.356e-10
GRB160211119,5.430e-01,4.380e-01,1.893e-02,1.530e-09
GRB160215773,9.896e-01,1.040e-02,1.955e-05,2.279e-12
GRB160216801,1.000e+00,3.299e-06,1.345e-08,3.316e-10
GRB160218711,7.992e-01,1.985e-01,2.360e-03,4.453e-09
GRB160219289,8.494e-03,2.895e-01,7.020e-01,3.707e-12
GRB160219673,8.238e-01,1.745e-01,1.782e-03,2.039e-09
GRB160220059,7.965e-01,2.009e-01,2.605e-03,3.411e-09
GRB160221993,7.989e-01,1.985e-01,2.625e-03,5.134e-09
GRB160222070,8.138e-01,1.843e-01,1.909e-03,1.932e-09
GRB160223072,9.961e-01,3.837e-03,2.670e-05,1.558e-11
GRB160223416,9.451e-01,5.456e-02,3.805e-04,2.784e-10
GRB160223670,9.332e-01,6.637e-02,4.659e-04,3.773e-09
GRB160224911,4.251e-01,5.547e-01,2.015e-02,7.335e-10
GRB160225720,7.204e-01,2.796e-01,1.604e-05,6.572e-12
GRB160225809,9.338e-01,6.622e-02,1.348e-05,8.389e-12
GRB160226913,9.957e-01,4.309e-03,2.197e-05,9.788e-12
GRB160227831,8.679e-01,1.310e-01,1.041e-03,2.508e-08
GRB160228034,8.028e-01,1.948e-01,2.356e-03,3.465e-09
GRB160301215,8.349e-01,1.630e-01,2.075e-03,1.886e-09
GRB160303201,8.171e-01,1.822e-01,7.022e-04,5.880e-10
GRB160308709,7.670e-01,2.290e-01,4.014e-03,3.093e-09
GRB160310016,9.991e-01,8.618e-04,9.738e-06,1.054e-12
GRB160310291,5.674e-04,9.994e-01,2.519e-06,4.163e-13
GRB160314473,2.960e-01,5.869e-01,1.171e-01,5.128e-10
GRB160315739,6.967e-01,3.007e-01,2.630e-03,1.740e-09
GRB160316139,8.901e-01,1.090e-01,8.630e-04,6.980e-10
GRB160316573,7.985e-01,1.989e-01,2.627e-03,5.207e-09
GRB160317385,9.940e-01,5.972e-03,7.417e-06,3.251e-13
GRB160318342,7.945e-01,2.028e-01,2.645e-03,4.179e-09
GRB160323293,9.680e-01,3.187e-02,1.321e-04,9.722e-11
GRB160325291,4.631e-01,5.339e-01,2.964e-03,6.023e-11
